1629964372.705304 9.140601597535541 -0.05596720306079661 -28.89509757321295 -0.11572784232413277 0.9271816420355076 0.2661172906790889 0.23690263144372606 205.0
1629964372.705304 9.140601597535541 -0.05596720306079661 -28.89509757321295 -0.11572784232413277 0.9271816420355076 0.2661172906790889 0.23690263144372606 205.0
1629964373.0368645 9.173858281614232 -0.04972470666036266 -28.668467612703303 -0.1377362551295807 0.9153662623441701 0.26794675231561677 0.2670914968853499 205.0
1629964373.4350119 9.215584990198524 -0.0011917956560011378 -28.406651571604424 -0.14671987980515638 0.8882878260825254 0.28070568324545886 0.33259936003733015 207.0
1629964373.7700026 9.31458916461055 0.017408493058312824 -28.275068154984254 -0.15240699131550614 0.8630744899540496 0.27459669793441516 0.3955643908041117 302.0
1629964374.1061978 9.367901188742048 0.045378987835026474 -28.19542617048887 -0.15888591728609197 0.8501212680918196 0.2675723577687142 0.4247989267691302 191.0
1629964374.4434004 9.368916567483586 -0.02515365131411962 -28.141121640594754 -0.16060360171708266 0.8440689665297054 0.2571951666320419 0.44227221155990826 253.0
1629964374.77479 9.458119533040112 -0.09829654958558465 -28.179926620933827 -0.13319123550685058 0.8436236141048045 0.22615997133174728 0.46841323623071346 135.0
1629964375.1044633 9.591240956166775 -0.19234532162824813 -28.43368838609821 -0.11380868068672935 0.8435331864971997 0.1849580466016161 0.49121265097261185 298.0
1629964375.433679 9.6423495770177 -0.2953886817209038 -28.57282162582731 -0.08242566500213319 0.8477981370700332 0.14796924127646488 0.5025429654921106 342.0
1629964375.7643125 9.645385992903169 -0.30826440205121763 -28.690660623324025 -0.0683444783012352 0.8463799407531494 0.1550741294075164 0.504898051654914 444.0
1629964376.0887918 9.605142173871327 -0.23655183621573628 -28.833283398693837 -0.07605094244134356 0.8376544714745332 0.16565115290617816 0.5148892464534075 217.0
1629964376.734162 9.49728246920338 0.0185609099815921 -28.831693472204172 -0.12609314287620785 0.8608373840680977 0.18558806497537686 0.45674564874675033 132.0
1629964377.0726886 9.075208676135546 0.018069927225236593 -28.21165396584676 -0.1527008640356944 0.8636311169893308 0.20834132535558866 0.4329175811163021 250.0
1629964377.413295 8.666601270933068 0.05584937733743345 -27.790404784008548 -0.16280975154837599 0.857194456741661 0.2273567255825915 0.43245759036521386 115.0
1629964377.7550066 9.313212961850724 0.3628089019897488 -28.39991911928531 -0.19621920560582667 0.8597932566989406 0.2084326245797996 0.4228586289733538 226.0
1629964378.4303465 9.43724018103715 0.3880887011970121 -28.029643116845698 -0.21698343987276192 0.8462735851286228 0.1972686316543315 0.44477442923324495 317.0
1629964378.7689013 8.942561460442741 0.0070779180047101375 -27.546800904838175 -0.19704497534916296 0.8238208808669776 0.21825038775922964 0.4846227421202505 121.0
1629964379.1011658 9.598211027984657 0.28550964004353474 -27.930901788492605 -0.21706377152084927 0.8140133653511142 0.21921603898311823 0.49214823821227865 156.0
1629964380.7639744 9.437298146943153 0.015675434939937172 -28.62555574195871 -0.11901896049770302 0.8772771676871461 0.17274732876519258 0.4317147420477503 302.0
1629964381.1015606 9.525610052795585 0.15062144151846446 -28.889662938449153 -0.10813132683163135 0.9124808652376104 0.13646770834210506 0.3702200039337515 168.0
1629964381.4381483 9.381762225613167 0.2889905285690525 -28.78708453028421 -0.10454601070308926 0.9534138955690458 0.10637829013490784 0.26221314759161035 214.0
1629964383.101626 9.466570299805241 0.5740272722352157 -28.17889090020247 -0.167634255439484 0.916597334251759 0.15464762458443584 0.3283781287726245 123.0
1629964383.4358764 9.639052757513493 0.49855167263218625 -28.4225310006381 -0.1561669365357587 0.893230320160279 0.23717320546296702 0.3485690085045182 108.0
1629964384.1089785 9.931240664435723 0.21970293793166185 -28.879054701317024 -0.14763366555873927 0.8613069126082089 0.3575340336364415 0.32942998934320067 245.0
1629964384.1089785 2.3810582533949276 7.280409122503465 -3.12956389647087 -0.11320923691199357 0.8526887167242524 0.35065458199460264 0.3703336133476711 245.0
1629964486.655921 23.552732135858065 -0.7299277106114088 -83.70144028283235 -0.0758176046440634 0.8254331679251872 0.04918175290876794 0.5572189258234567 171.0
1629964486.9909692 23.777334988326466 -0.7951744671767544 -83.76825182912096 -0.08791423235209894 0.7867080692897792 0.060894097717912814 0.6079912913253039 183.0
1629964487.326174 24.03891033645032 -0.8923860575409313 -84.079922910286 -0.0963390765102184 0.7227604595735717 0.054593851386624856 0.6821697822426119 171.0
1629964487.6615043 24.229224148151427 -0.8910860810953105 -84.19070729730743 -0.11340173041783468 0.6825761237190651 0.04558344320523809 0.7205220555766846 362.0
1629964487.9960554 24.53323573077017 -0.8767437405249199 -84.20651743922397 -0.1201821381605948 0.6528737642203558 0.04253321819147662 0.7466612531865887 273.0
1629964488.3302646 24.927123647692884 -0.9742823746376397 -84.19668855417866 -0.1302980986705585 0.6255744126308156 0.028430991075240268 0.7686811682947143 351.0
1629964488.6645432 25.21702334125545 -0.9698356642989028 -84.21811765418383 -0.1372298950337886 0.580444223352941 0.03905629220046802 0.8017026041648913 807.0
1629964488.9986038 25.532682916323843 -0.9716884801767973 -84.23973541254195 -0.13224246980919274 0.8062373372158247 0.0342621374607321 0.5756035017219088 851.0
1629964489.3321114 25.83092864253385 -0.9489924074519811 -84.21927438706065 -0.12977919528654921 0.79032518667189 0.025951388204501883 0.5982223543408228 907.0
1629964489.66555 26.162211502791695 -0.9481368309556641 -84.119089883485 -0.13088996507043854 0.7810050102626748 0.022458306297145313 0.6102414403059843 875.0
1629964489.9989796 26.507969379774146 -0.9391930494008394 -84.0108397762247 -0.12194112586974631 0.7791171993493888 0.02078374668274419 0.6145525098585238 938.0
1629964490.3299162 26.845919762540415 -0.9303358163964317 -83.89051378045264 -0.12472267102235789 0.7777583684555828 0.023741522332955983 0.6156074363973133 1179.0
1629964490.6599271 27.184926734740348 -0.9191471461274121 -83.8311826300667 -0.11958108187991931 0.7585524149111152 0.018478351162890354 0.6402789620370516 1138.0
1629964490.9897656 27.499430094047806 -0.9325793489394885 -83.72645382971523 -0.12172430297716728 0.7502019818837491 0.015282073815938218 0.6497281267286356 1232.0
1629964491.323733 27.80991989621566 -0.8987218708395206 -83.6186904561402 -0.1271791990470197 0.7500706591248508 0.018224235813993406 0.648758302358256 1020.0
1629964491.726424 28.210218953853648 -0.9130813944987421 -83.44786201309941 -0.12737127436067278 0.7614993973920708 0.019182674689197456 0.6352379485130115 845.0
1629964492.0621665 28.496441272737435 -0.8955283722020768 -83.3924610194522 -0.12821772941018925 0.7630819407950059 0.027781507782452565 0.6328462319732623 897.0
1629964492.3975441 28.785236240209265 -0.9639092801000908 -83.40861614091138 -0.12358890514099079 0.753910314858178 0.024531208434045573 0.6447815440048354 870.0
1629964492.8003387 29.07414265665986 -0.9435184136709038 -83.31461198956819 -0.12873499715107795 0.754563597649037 0.01873841889356992 0.6432028834425598 1058.0
1629964493.1361659 29.318892388443786 -0.978287028830743 -83.23315747701645 -0.1342513603684262 0.7688071099446824 0.014988650169335791 0.6250500302406466 947.0
1629964493.4714475 29.574499616455913 -1.0071026845279976 -83.09442163453872 -0.1277061990195766 0.7831521654556508 0.021114985080476732 0.608208820948158 968.0
1629964493.8070154 29.804416295499873 -1.0032891826968493 -82.99896099483834 -0.13588724297048435 0.7950362080915392 0.02922401474311486 0.5904219186171882 865.0
1629964494.1427357 30.048771600955437 -1.0122258670425586 -82.98302044607792 -0.1230135196866967 0.8006102976167087 0.02776388068264813 0.5857644511694232 799.0
1629964494.478132 30.310839515172184 -1.1068463315517851 -83.01607158631992 -0.1125280111008091 0.796087806066362 0.02283106403683062 0.5941888540397646 930.0
1629964494.8137708 30.47285839656168 -1.018464222672244 -82.99653219767623 -0.11555227145421308 0.8039225013091451 0.027745259426761627 0.5827404954436932 799.0
1629964495.1495662 30.61495189542155 -1.09362540003744 -82.91311632731627 -0.12224313583850464 0.8091494203878595 0.028168879515118168 0.5740560473100362 1052.0
1629964495.483833 30.725597237131954 -1.079894043697565 -82.94539968415985 -0.12467810963617192 0.809970748087484 0.027652888079175646 0.5723967802154661 985.0
1629964495.8177152 30.794032289356487 -1.1052814105090034 -82.83647420311205 -0.13954612782135828 0.8109770366528287 0.04036035335862738 0.5667575902523304 892.0
1629964496.1515758 30.830808183964876 -1.103105330301637 -82.87698336923523 -0.14146660657858554 0.8168488998942638 0.04268292455635561 0.5576049156131849 772.0
1629964496.4844103 30.922768162968392 -0.9751324029223793 -82.86955776602194 -0.12407995874791612 0.5774106307058623 0.03631562140127577 0.8061527789614156 837.0
1629964496.8164897 31.044968726407348 -1.0362382551598008 -82.91761575814226 -0.11766012346163425 0.5954495485683273 0.042476615624566554 0.7935941453802762 970.0
1629964497.1483557 31.20557605599924 -1.015776828951064 -82.97731164378533 -0.11256512098382757 0.617036749909381 0.04526378231999411 0.7775255190726879 763.0
1629964497.481956 31.415765818663772 -0.9923579196139274 -83.11262539098433 -0.08874603582031064 0.6413523217699574 0.035074446181371025 0.7612891196592364 861.0
1629964497.8166945 31.620456771351474 -0.970537175879941 -83.22102396012406 -0.07638423243674854 0.6900352133464338 0.012399598635597295 0.7196270585036852 580.0
1629964498.1515257 31.872512775515332 -0.9553361318526852 -83.33924771942335 -0.07000761112081977 0.736645383886735 0.01610596654729316 0.6724530545882726 422.0
1629964498.4847474 32.15649778964173 -0.9751800195139149 -83.42803077882911 -0.058983286144115396 0.7962384191151988 0.008610619197474632 0.6020392089537081 418.0
1629964498.8161802 32.426448223633756 -1.0048460816132954 -83.52094337668044 -0.04475985699793216 0.8372508392948054 0.009606675138902088 0.5448993476729846 362.0
1629964499.1473308 32.5907777672727 -0.9792236049775775 -83.65157568151588 -0.045565886733649454 0.8609423563918992 0.016115578394695962 0.5064013201696307 221.0
1629964499.4798124 32.81192807335215 -0.9757149224908543 -83.93071210725033 -0.02260598329673031 0.8752255129295978 0.00804994951901018 0.4831195187001368 287.0
1629964499.8139815 33.056517415273255 -1.0707738140038137 -84.06250667622997 -0.01889242732427904 0.9059067863723896 -0.004951923655875549 0.4230265346835267 227.0
1629964500.1481977 33.021127042150184 -1.1870466622571163 -84.21302673373211 -0.021353758388934614 0.9335220354040182 -0.0038739103195761446 0.3578625703208451 309.0
1629964500.4822206 33.107187827007735 -1.3247724431899703 -84.26174804478379 -0.021955606563815466 0.9512773519146517 -0.016097546395640764 0.30713225176575504 259.0
1629964500.8122752 33.27618348811065 -1.3071836756728255 -84.5790357513673 -0.02226305085656675 0.954891952765566 0.015117807876965468 0.2957315792997375 240.0
